1	1
2	1
3	1
4	0
5	1
6	0
7	1
8	1
9	0
10	1
11	1
12	1
13	1
14	0
15	1
16	0
17	1
18	0
19	1
20	0
21	0
22	0
23	0
24	1
25	0
26	0
27	1
28	1
29	0
30	0
31	0
32	0
33	1
34	1
35	0
36	0
37	1
38	1
39	1
40	1
41	0
42	0
43	0
44	1
45	0
46	1
47	0
48	1
49	0
50	0
51	0
52	0
53	1
54	1
55	0
56	0
57	1
58	1
59	1
60	1
61	0
62	1
63	0
64	0
65	1
66	1
67	1
68	0
69	0
70	0
71	0
72	0
73	0
74	1
75	1
76	0
77	1
78	0
79	0
80	0
81	0
82	0
83	1
84	0
85	0
86	1
87	1
88	1
89	0
90	1
92	0
93	0
94	0
95	0
96	0
97	1
98	0
99	1
100	0
101	0
102	1
103	0
104	1
105	1
106	0
107	1
108	1
109	0
110	0
111	0
112	0
113	1
114	0
115	0
116	1
117	0
118	0
119	1
120	1
121	0
122	0
123	1
124	0
125	0
126	1
127	1
128	1
129	0
130	1
131	0
132	0
133	1
134	1
135	1
136	1
137	1
138	1
139	1
140	1
141	0
142	0
143	1
144	0
145	0
146	1
147	0
148	0
149	0
150	1
151	0
152	0
153	1
154	0
155	0
156	0
157	1
158	1
159	0
160	1
161	0
162	0
163	0
164	0
165	0
166	0
167	0
168	1
169	1
170	1
171	0
172	0
173	0
174	1
175	0
176	0
177	0
178	0
179	1
180	0
181	1
182	0
183	0
184	0
185	1
186	1
187	0
188	0
189	1
190	0
191	0
192	0
193	0
194	0
195	0
196	0
197	1
198	0
199	1
200	0
201	1
202	0
203	1
204	0
205	1
206	0
207	1
208	1
209	0
210	0
211	0
212	1
213	0
214	1
215	0
216	1
217	0
218	0
219	1
220	0
222	1
223	0
224	1
225	0
226	0
227	0
228	0
229	0
230	0
231	1
232	1
233	0
234	0
235	0
236	1
237	1
238	1
239	1
240	0
241	1
242	0
243	1
244	1
245	1
246	1
247	0
248	1
249	0
250	1
251	0
252	1
253	0
254	1
255	0
256	1
257	0
258	1
259	0
260	1
261	1
262	1
263	0
264	1
265	0
266	0
267	1
268	0
269	0
270	1
271	0
272	1
273	0
274	1
275	1
276	1
277	1
278	1
279	0
280	0
281	0
282	1
283	0
284	1
285	0
286	0
287	0
288	0
289	1
290	0
292	0
293	0
294	0
295	1
296	0
297	0
298	1
299	0
300	1
301	1
302	0
303	0
304	1
305	0
306	0
307	0
308	0
309	0
310	1
311	0
312	1
313	1
314	1
315	0
316	1
317	1
318	0
319	0
320	0
321	0
322	0
324	0
325	0
326	1
327	0
328	0
329	1
330	0
331	1
332	0
333	1
334	1
335	0
336	0
337	0
338	0
339	1
340	1
341	1
342	0
343	1
344	1
345	0
346	0
347	0
348	0
349	1
350	1
351	1
352	1
353	0
354	0
355	1
356	1
357	0
358	0
359	0
360	1
361	1
362	1
363	1
364	1
365	1
366	0
367	1
368	1
369	0
370	1
371	0
372	1
373	0
374	1
375	1
376	1
377	0
378	1
379	0
380	0
381	0
382	0
383	1
384	0
385	0
386	0
387	0
388	0
389	1
390	1
391	0
392	1
393	1
394	0
395	1
396	0
397	0
398	1
399	0
400	0
401	0
402	0
403	1
404	1
405	1
406	0
407	0
408	1
409	0
410	1
411	0
412	1
413	1
414	1
415	1
416	0
417	1
418	1
419	1
420	0
421	1
422	0
423	0
424	1
425	1
426	0
427	0
428	0
429	1
430	1
431	0
432	1
433	1
434	0
435	1
436	0
437	1
438	1
439	0
440	1
441	0
442	0
443	1
444	0
445	1
446	0
447	0
448	0
449	0
450	1
451	0
452	1
453	1
454	0
455	1
456	0
457	1
458	1
459	0
460	1
461	0
462	0
463	0
464	0
465	0
466	1
467	0
468	1
469	0
470	0
471	1
472	1
473	1
474	0
475	0
476	0
477	0
478	0
479	0
480	1
481	0
482	0
483	1
484	1
485	1
486	1
487	1
488	0
489	1
490	0
491	1
492	1
493	0
494	0
495	0
496	0
497	1
498	0
499	1
500	1
501	0
502	1
503	0
504	0
505	1
506	1
507	1
508	1
509	0
510	0
511	0
512	0
513	1
514	0
515	1
516	1
517	0
518	0
519	1
520	1
521	0
522	0
523	0
524	1
525	0
526	1
527	0
528	1
529	1
530	1
531	1
532	0
533	1
534	1
535	0
536	1
537	0
538	0
539	1
540	0
541	0
542	1
543	1
544	0
546	1
547	0
548	1
549	1
550	0
551	1
552	1
553	0
554	0
555	0
556	1
558	1
559	0
560	0
561	0
562	0
563	0
564	0
565	0
566	0
567	1
568	0
569	1
570	0
571	1
572	0
573	0
574	1
575	1
576	0
577	1
578	0
579	1
580	1
581	0
582	1
583	1
584	1
585	1
586	1
587	1
588	1
589	0
590	1
591	0
592	1
593	0
594	1
595	1
596	1
597	0
598	1
599	0
600	0
601	1
602	1
603	1
604	1
605	1
606	0
607	0
608	0
609	1
610	0
611	0
612	1
613	1
614	0
615	1
616	1
617	0
618	1
619	1
620	1
621	1
623	0
624	0
625	1
626	0
627	0
628	0
629	0
630	0
631	1
632	1
633	1
634	1
635	1
636	1
637	1
638	1
639	0
640	0
641	1
642	1
643	1
644	1
645	1
647	0
648	1
649	1
650	1
651	1
652	1
653	1
654	1
655	1
656	1
657	1
658	0
659	1
660	1
661	1
662	0
663	0
664	0
665	1
666	1
667	0
668	1
670	1
671	1
672	1
673	1
674	1
675	0
676	0
678	1
679	0
680	1
681	1
682	1
683	1
684	0
685	0
687	1
688	1
690	0
691	1
692	1
693	1
694	0
695	0
696	1
697	0
698	0
699	1
700	1
701	1
702	0
703	1
704	1
705	0
706	0
707	0
708	1
709	1
710	1
711	1
712	0
713	0
714	0
715	0
716	0
717	0
718	0
719	1
720	1
721	1
722	1
723	1
724	0
725	0
726	0
727	1
728	1
729	1
730	1
731	0
732	0
733	0
734	0
735	0
736	1
737	0
738	1
739	1
741	0
742	0
743	1
744	1
745	1
746	1
747	1
748	1
749	1
750	1
751	1
752	1
753	1
754	1
755	1
756	1
757	0
758	1
759	1
760	1
761	1
762	0
763	0
764	0
765	1
766	0
767	1
768	0
769	1
770	1
771	1
772	1
773	1
774	1
775	0
776	0
777	1
778	0
779	1
780	1
781	0
782	0
783	1
784	1
785	1
786	0
787	1
788	1
789	1
790	1
791	1
792	1
793	1
794	1
795	0
796	0
797	1
798	1
799	0
800	0
801	1
802	1
803	0
804	0
805	0
806	0
807	1
808	1
809	0
810	1
811	0
812	1
813	1
814	0
815	0
816	0
818	1
819	1
820	1
821	0
822	1
823	1
824	1
825	1
826	1
827	1
828	1
829	1
830	1
831	0
832	0
833	1
834	0
835	0
836	1
837	1
838	1
839	0
840	1
841	1
842	0
843	0
844	0
845	0
846	0
847	0
848	1
849	0
850	1
851	0
852	0
853	1
854	1
855	1
856	1
857	1
858	0
859	1
860	0
861	0
862	0
863	1
864	0
865	0
866	0
867	1
868	0
869	0
870	1
871	0
872	0
873	1
874	0
875	0
876	0
877	0
878	1
879	0
880	1
881	1
882	0
884	0
885	1
886	0
887	1
888	1
889	0
890	1
891	0
892	1
893	0
894	1
895	0
896	1
897	1
898	1
899	1
900	1
901	1
902	1
903	1
904	1
905	1
906	1
907	1
908	1
909	1
910	1
911	1
912	1
913	1
914	1
915	1
916	1
917	1
918	1
919	1
920	1
921	1
922	1
923	1
924	1
925	1
926	1
927	1
928	1
929	1
930	1
931	1
932	1
933	1
934	1
935	1
936	1
937	1
938	1
939	1
940	1
941	0
942	1
943	1
944	1
945	1
946	1
947	1
948	1
949	1
950	1
951	1
952	1
953	1
954	1
955	1
956	1
957	1
958	1
959	1
960	1
961	1
962	1
963	1
964	1
965	1
966	1
967	1
968	0
969	1
970	1
971	1
972	1
973	1
974	1
975	1
976	1
977	1
978	1
979	0
980	1
981	0
982	1
983	1
984	0
985	1
986	1
987	0
988	0
989	0
990	0
991	0
992	0
993	1
994	0
996	0
997	0
998	0
999	0
1000	0
1001	0
1002	0
1003	0
1004	0
1005	1
1006	0
1007	1
1008	1
1009	1
1010	1
1011	1
1012	1
1013	1
1014	1
1015	1
1016	1
1017	1
1018	1
1019	1
1020	1
1021	1
1022	1
1023	1
1024	1
1025	1
1026	1
1027	1
1028	1
1029	1
1030	1
1031	1
1032	1
1033	1
1034	0
1035	1
1036	0
1037	0
1038	0
1039	1
1040	0
1041	0
1042	1
1043	1
1044	0
1045	0
1046	0
1047	0
1049	0
1050	1
1051	0
1052	0
1053	0
1054	0
1055	0
1056	0
1057	0
1058	1
1059	1
1060	0
1061	0
1062	0
1063	0
1064	1
1065	1
1066	1
1067	1
1068	1
1069	1
1070	1
1071	1
1073	1
1075	1
1076	1
1077	1
1078	1
1079	0
1080	0
1081	1
1082	1
1083	1
1084	0
1085	1
1086	1
1087	1
1088	1
1089	0
1090	0
1091	1
1092	0
1093	0
1094	0
1095	0
1096	0
1097	1
1098	0
1099	1
1100	1
1101	1
1102	0
1103	1
1104	1
1105	0
1106	1
1107	1
1108	1
1109	1
1110	0
1111	1
1112	0
1113	1
1114	0
1115	1
1116	1
1117	1
1118	0
1119	0
1120	0
1121	0
1122	1
1123	1
1124	1
1125	1
1126	1
1127	1
1128	0
1129	0
1130	0
1131	1
1132	1
1133	1
1134	1
1135	0
1136	1
1137	1
1138	1
1139	0
1140	1
1141	1
1142	1
1143	1
1144	1
1145	1
1146	1
1147	1
1148	1
1149	1
1150	1
1151	1
1152	1
1153	1
1154	1
1155	1
1156	1
1157	1
1158	1
1159	1
1160	1
1161	0
1162	1
1163	1
1164	1
1165	1
1166	0
1167	1
1168	0
1169	1
1170	0
1171	0
1172	1
1173	0
1174	0
1175	0
1176	1
1177	1
1178	1
1179	0
1180	0
1181	0
1183	0
1184	0
1185	0
1186	0
1187	0
1188	1
1189	1
1190	0
1191	0
1192	0
1193	0
1194	0
1196	1
1197	1
1198	1
1199	0
1200	0
1201	1
1202	0
1203	1
1204	1
1205	1
1206	0
1207	1
1208	0
1209	1
1210	1
1211	1
1212	1
1213	0
1214	0
1215	0
1216	1
1217	0
1218	0
1219	0
1220	0
1221	0
1222	0
1223	1
1224	1
1225	0
1226	1
1227	0
1228	0
1230	1
1231	1
1232	1
1233	1
1234	1
1235	1
1236	0
1237	1
1238	1
1240	0
1241	0
1242	0
1243	1
1244	0
1245	0
1246	1
1247	1
1248	1
1249	0
1250	1
1251	1
1252	0
1253	1
1254	1
1255	1
1256	1
1257	1
1258	0
1259	0
1260	1
1261	0
1262	1
1263	1
1264	1
1265	1
1266	0
1267	1
1268	0
1269	1
1270	1
1271	1
1272	1
1273	0
1274	0
1275	0
1276	1
1277	1
1278	1
1279	0
1280	1
1281	1
1282	1
1283	1
1284	0
1285	0
1286	1
1287	1
1288	0
1289	1
1290	1
1291	1
1292	1
1293	1
1294	0
1295	0
1296	1
1297	1
1298	0
1299	1
1300	1
1301	1
1302	1
1303	1
1304	1
1305	1
1306	1
1307	0
1308	0
1309	1
1310	1
1311	1
1312	0
1313	0
1314	0
1315	1
1316	1
1317	1
1318	0
1319	1
1320	0
1321	0
1322	0
1323	1
1324	0
1325	0
1326	0
1327	0
1328	0
1329	0
1330	0
1331	1
1332	0
1333	1
1334	1
1335	0
1336	0
1337	1
1339	0
1340	1
1341	1
1342	0
1343	1
1344	1
1345	0
1346	0
1347	0
1348	1
1349	1
1350	0
1351	0
1352	0
1353	1
1354	0
1355	0
1356	1
1357	1
1358	0
1359	1
1360	1
1361	1
1362	0
1363	1
1364	0
1365	0
1366	1
1367	1
1368	1
1369	1
1370	0
1371	1
1372	1
1373	1
1374	1
1375	1
1376	1
1377	1
1378	0
1379	1
1380	1
1381	1
1382	0
1383	0
1384	0
1385	0
1386	1
1387	1
1388	1
1389	1
1390	1
1391	1
1392	0
1393	0
1394	1
1395	0
1396	1
1397	0
1398	1
1399	1
1400	0
1401	1
1404	0
1405	1
1406	1
1407	0
1408	0
1409	1
1410	1
1411	1
1412	0
1413	1
1414	1
1415	0
1416	1
1417	1
1419	1
1420	1
1421	0
1422	0
1423	0
1424	0
1425	1
1426	1
1427	0
1428	0
1429	1
1430	0
1431	1
1432	0
1433	0
1434	0
1436	1
1437	1
1438	1
1439	0
1440	1
1441	1
1442	1
1443	1
1444	1
1445	1
1446	1
1447	0
1448	1
1449	0
1450	0
1453	1
1454	0
1455	0
1456	1
1457	1
1458	0
1459	0
1460	1
1461	1
1462	1
1463	1
1464	0
1465	0
1466	0
1467	1
1468	0
1470	0
1471	1
1472	0
1473	0
1474	1
1475	0
1476	0
1477	0
1479	1
1480	0
1482	0
1483	0
1484	0
1485	1
1486	1
1487	1
1488	0
1489	1
1490	1
1493	0
1495	1
1496	1
1497	0
1498	0
1499	1
1500	0
1501	0
1502	0
1503	0
1504	0
1507	0
1508	0
1509	0
1510	0
1511	1
1513	1
1514	0
1515	1
1516	0
1517	1
1518	0
1519	0
1520	0
1522	0
1523	0
1524	0
1525	1
1526	1
1527	1
1528	0
1529	0
1531	0
1532	0
1533	1
1534	1
1535	0
1537	1
1538	1
1539	1
1541	0
1542	0
1543	0
1544	1
1545	1
1546	1
1547	1
1548	0
1549	1
1550	1
1551	1
1552	0
1553	1
1554	0
1555	1
1556	1
1557	0
1558	1
1559	1
1561	0
1562	1
1563	0
1564	1
1565	1
1566	1
1567	0
1568	1
1569	1
1570	0
1571	0
1572	1
1573	1
1574	1
1575	1
1577	1
1578	0
1579	1
1580	1
1581	1
1582	1
1583	1
1584	1
1585	0
1586	0
1587	0
1588	1
1589	0
1590	0
1591	1
1592	1
1593	1
1594	0
1595	1
1596	0
1597	0
1598	0
1599	1
1600	0
1601	0
1602	1
1603	0
1604	0
1605	1
1606	1
1608	0
1609	0
1610	1
1611	0
1612	0
1613	0
1614	1
1615	0
1616	0
1617	0
1619	1
1620	0
1621	0
1622	0
1623	0
1624	0
1625	0
1626	0
1627	0
1628	0
1629	0
1630	0
1631	0
1632	0
1633	0
1635	0
1636	0
1639	0
1640	0
1641	0
1642	0
1643	1
1644	0
1645	0
1646	1
1647	0
1648	0
1649	1
1650	1
1651	1
1652	0
1653	1
1654	1
1655	0
1656	1
1657	1
1658	0
1659	0
1660	0
1661	0
1662	0
1663	0
1664	1
1665	1
1666	0
1667	1
1668	0
1669	1
1670	0
1671	0
1672	1
1673	0
1674	0
1675	0
1676	0
1677	0
1678	0
1679	1
1680	1
1681	1
1682	1
1683	0
1684	1
1685	1
1686	0
1687	0
1688	1
1689	1
1690	0
1692	0
1693	0
1694	1
1695	0
1696	0
1697	1
1698	1
1699	0
1701	0
1702	1
1703	1
1704	0
1705	1
1706	1
1707	1
1708	0
1709	1
1710	0
1711	0
1713	1
1714	1
1715	0
1716	1
1717	0
1718	0
1719	0
1720	0
1721	1
1722	1
1723	1
1724	1
1725	1
1726	0
1727	1
1728	0
1729	0
1730	1
1731	1
1732	0
1733	0
1734	0
1735	0
1738	1
1739	1
1740	1
1741	1
1742	0
1743	1
1744	0
1746	0
1747	0
1748	0
1749	0
1750	1
1752	0
1753	0
1754	0
1755	1
1756	0
1757	1
1758	0
1759	0
1760	1
1762	0
1764	0
1765	0
1767	1
1768	1
1769	0
1770	0
1771	0
1772	1
1773	1
1774	1
1776	0
1777	1
1779	1
1780	1
1781	0
1782	0
1783	0
1784	1
1785	0
1787	1
1788	0
1789	1
1791	0
1792	1
1793	0
1794	1
1795	1
1796	1
1797	1
1798	1
1799	0
1801	1
1804	1
1805	0
1806	1
1807	1
1809	0
1810	0
1811	0
1812	1
1814	0
1815	0
1816	0
1817	0
1819	1
1820	0
1821	0
1822	1
1824	0
1825	0
1826	1
1827	1
1829	0
1830	0
1831	1
1832	0
1833	0
1834	1
1835	1
1836	0
1837	1
1839	1
1840	0
1841	0
1842	0
1843	1
1844	0
1845	0
1846	0
1847	0
1848	1
1849	1
1850	0
1851	1
1852	0
1853	0
1854	0
1855	1
1856	0
1857	0
1858	1
1859	1
1860	0
1861	1
1862	0
1863	1
1864	0
1865	1
1866	0
1867	1
1869	1
1870	1
1871	0
1872	0
1873	1
1874	1
1875	1
1876	1
1877	1
1878	0
1879	0
1880	0
1881	1
1882	1
1883	0
1884	0
1885	0
1886	0
1887	1
1888	1
1889	0
1890	0
1891	0
1892	0
1893	1
1894	1
1895	1
1896	0
1897	0
1898	0
1899	1
1900	1
1901	1
1902	0
1903	0
1904	0
1905	0
1906	0
1907	1
1908	0
1909	1
1910	0
1911	1
1912	0
1913	1
1914	1
1915	1
1916	0
1917	1
1918	0
1919	1
1920	1
1921	0
1922	0
1923	0
1924	1
1925	1
1926	1
1927	1
1928	1
1929	1
1930	1
1931	1
1932	1
1933	1
1934	1
1935	1
1936	1
1937	1
1938	1
1939	1
1940	1
1941	1
1942	1
1943	1
1944	1
1945	1
1946	1
1947	1
1948	1
1949	1
1950	1
1951	1
1952	0
1953	0
1954	1
1955	1
1956	0
1957	1
1958	1
1959	1
1960	1
1961	0
1962	1
1963	1
1964	0
1965	0
1966	1
1967	1
1968	0
1969	0
1970	0
1971	0
1972	0
1973	0
1974	0
1975	0
1976	0
1977	0
1978	0
1979	0
1980	0
1981	0
1982	0
1983	0
1984	0
1985	0
1986	0
1987	0
1988	0
1989	0
1990	0
1991	0
1992	0
1993	0
1994	1
1995	1
1996	1
1997	0
1998	0
1999	0
2000	0
2001	0
2002	0
2003	1
2004	1
2005	1
2006	1
2007	1
2008	0
2009	1
2010	1
2011	1
2012	1
2013	1
2014	1
2015	1
2016	1
2017	1
2018	1
2019	1
2020	0
2021	1
2022	0
2023	0
2024	0
2025	0
2026	0
2027	1
2028	0
2029	0
2030	1
2031	1
2032	1
2033	1
2034	1
2035	1
2036	1
2037	1
2038	1
2039	1
2040	1
2041	1
2042	1
2043	1
2044	1
2045	1
2046	1
2047	1
2048	1
2049	1
2050	1
2051	1
2052	1
2053	1
2054	1
2055	1
2056	1
2057	1
2058	0
2059	1
2060	0
2061	0
2062	0
2063	1
2064	0
2065	1
2066	1
2067	1
2068	0
2069	1
2070	1
2071	1
2072	1
2073	1
2074	0
2075	1
2076	0
2077	1
2078	1
2079	1
2080	1
2081	1
2082	1
2083	1
2084	1
2085	1
2086	1
2087	1
2088	1
2089	1
2090	1
2091	1
2092	1
2093	1
2094	1
2095	1
2096	1
2097	1
2098	1
2099	1
2100	1
2101	1
2102	1
2103	1
2104	1
2105	1
2106	1
2107	0
2108	1
2109	0
2110	1
2111	0
2112	0
2113	0
2114	1
2115	1
2116	1
2117	0
2118	1
2119	0
2120	0
2121	0
2122	0
2123	1
2124	1
2125	1
2126	0
2127	0
2128	0
2129	1
2130	0
2131	1
2132	0
2133	1
2134	1
2135	1
2136	1
2137	1
2138	1
2139	1
2140	1
2141	1
2142	1
2143	1
2144	1
2145	1
2146	0
2147	0
2148	0
2149	1
2150	1
2151	1
2152	1
2153	1
2154	0
2155	0
2156	1
2157	1
2158	0
2159	0
2160	0
2161	1
2162	1
2163	1
2164	0
2165	0
2166	0
2167	0
2168	1
2169	0
2170	1
2171	0
2172	1
2173	1
2174	1
2175	1
2176	1
2177	1
2178	0
2179	1
2180	1
2181	1
2182	1
2183	1
2184	1
2185	1
2186	1
2187	1
2188	0
2189	0
2190	0
2191	1
2192	1
2193	1
2194	0
2195	1
2196	0
2197	0
2198	1
2199	0
2200	1
2201	1
2202	1
2203	1
2204	1
2205	1
2206	1
2207	1
2208	1
2209	1
2210	1
2211	1
2212	1
2213	1
2214	1
2215	1
2216	1
2217	1
2218	1
2219	1
2220	1
2221	1
2222	1
2223	1
2224	1
2225	1
2226	1
2227	1
2228	1
2229	1
2230	1
2231	0
2232	0
2233	1
2234	0
2235	0
2236	1
2237	1
2238	0
2239	0
2240	1
2241	0
2242	0
2243	0
2244	1
2245	0
2246	0
2247	0
2248	1
2249	1
2250	1
2251	1
2252	1
2253	1
2254	1
2255	0
2256	1
2257	0
2258	1
2259	0
2260	0
2261	1
2262	0
2263	0
2264	1
2265	1
2266	1
2267	0
2268	1
2269	0
2270	1
2271	0
2272	0
2273	1
2274	0
2275	1
2276	1
2277	0
2278	0
2279	0
2280	0
2281	0
2282	0
2283	0
2284	1
2285	0
2286	1
2287	1
2288	0
2289	0
2290	1
2291	1
2292	1
2293	1
2294	1
2295	0
2296	1
2297	1
2298	0
2299	1
2300	1
2301	0
2302	0
2303	0
2304	1
2305	0
2306	1
2307	0
2308	0
2309	0
2310	1
2311	1
2312	1
2313	1
2314	0
2315	1
2316	1
2317	0
2318	0
2319	0
2320	0
2321	1
2322	0
2323	1
2324	1
2325	0
2326	0
2327	0
2328	0
2329	0
2330	1
2331	0
2332	0
2333	0
2334	0
2335	1
2336	0
2337	0
2338	0
2339	1
2340	1
2341	1
2342	0
2343	0
2344	0
2345	1
2346	1
2347	0
2348	0
2349	0
2350	0
2351	1
2352	0
2353	0
2354	1
2355	1
2356	0
2357	0
2358	1
2359	1
2360	0
2361	0
2362	1
2363	1
2364	1
2365	1
2366	1
2367	1
2368	1
2369	1
2370	0
2371	1
2372	1
2373	1
2374	1
2375	1
2376	1
2377	0
2378	0
2379	1
2380	1
2381	1
2382	1
2383	1
2384	1
2385	1
2386	0
2387	0
2388	1
2389	0
2390	0
2391	0
2392	1
2393	1
2394	1
2395	0
2396	0
2397	1
2398	1
2399	1
2400	1
2401	0
2402	0
2403	0
2404	0
2405	1
2406	1
2407	1
2408	1
2409	1
2410	1
2411	1
2412	1
2413	1
2414	1
2415	1
2416	1
2417	0
2418	1
2419	0
2420	1
2421	1
2422	1
2423	1
2424	1
2425	0
2426	0
2427	0
2428	0
2429	1
2430	1
2431	1
2432	1
2433	1
2434	1
2435	0
2436	1
2437	0
2438	0
2439	0
2440	0
2441	0
2442	0
2443	0
2444	0
2445	1
2446	0
2447	0
2448	0
2449	1
2450	1
2451	1
2452	1
2453	0
2454	1
2455	0
2456	0
2457	0
2458	1
2459	0
2460	0
2461	0
2462	0
2463	0
2464	0
2465	0
2466	1
2467	0
2468	0
2469	1
2470	1
2471	1
2472	1
2473	1
2474	0
2475	0
2476	1
2477	1
2478	1
2479	0
2480	1
2481	0
2482	0
2483	0
2484	0
2485	1
2486	1
2487	0
2488	1
2489	0
2490	0
2491	1
2492	0
2493	0
2494	1
2495	1
2496	1
2497	1
2498	1
2499	1
2500	0
2501	1
2502	0
2503	1
2504	0
2505	0
2506	1
2507	0
2508	0
2509	0
2510	0
2511	0
2512	1
2513	0
2514	0
2515	0
2516	0
2517	0
2518	0
2519	1
2520	1
2521	1
2522	1
2523	1
2524	1
2525	0
2526	1
2527	1
2528	1
2529	1
2530	1
2531	1
2532	1
2533	1
2534	1
2535	1
2536	1
2537	1
2538	1
2539	0
2540	0
2541	0
2542	0
2543	0
2544	0
2545	0
2546	1
2547	0
2548	1
2549	1
2550	1
2551	0
2552	1
2553	0
2554	1
2555	1
2556	0
2557	0
2558	1
2559	1
2560	0
2561	0
2562	0
2563	0
2564	1
2565	1
2566	1
2567	1
2568	0
2569	0
2570	0
2571	0
2572	1
2573	1
2574	1
2575	0
2576	1
2577	0
2578	1
2579	0
2580	0
2581	1
2582	1
2583	1
2584	0
2585	0
2586	0
2587	0
2588	0
2589	0
2590	0
2591	1
2592	1
2593	0
2594	0
2595	1
2596	0
2597	1
2598	0
2599	0
2600	0
2601	0
2602	1
2603	1
2604	1
2605	1
2606	0
2607	0
2608	0
2609	1
2610	1
2611	1
2612	1
2613	1
2614	0
2615	1
2616	1
2617	1
2618	0
2619	0
2620	0
2621	0
2622	1
2623	0
2624	1
2625	0
2626	1
2627	1
2628	1
2629	1
2630	0
2631	0
2632	1
2633	1
2634	1
2635	1
2636	1
2637	1
2638	1
2639	0
2640	1
2641	1
2642	1
2643	1
2644	1
2645	1
2646	1
2647	1
2648	1
2649	0
2650	1
2651	1
2652	0
2653	1
2654	0
2655	0
2656	1
2657	0
2658	1
2659	1
2660	1
2661	1
2662	1
2663	1
2664	1
2665	1
2666	1
2667	1
2668	1
2669	1
2670	1
2671	1
2672	0
2673	1
2674	0
2675	0
2676	0
2677	1
2678	0
2679	1
2680	1
2681	0
2682	0
2683	1
2684	1
2685	0
2686	0
2687	1
2688	0
2689	0
2690	1
2691	0
2692	0
2693	1
2694	1
2695	0
2696	1
2697	0
2698	1
2699	1
2700	0
2701	1
2702	0
2703	0
2704	0
2705	1
2706	0
2707	0
2708	1
2709	1
2710	0
2711	1
2712	0
2713	0
2714	0
2715	0
2716	1
2717	1
2718	1
2719	1
2720	1
2721	0
2722	0
2723	1
2724	1
2725	0
2726	1
2727	1
2728	1
2729	1
2730	1
2731	1
2732	1
2733	1
2734	1
2735	1
2736	1
2737	1
2738	1
2739	1
2740	1
2741	0
2742	1
2743	1
2744	1
2745	1
2746	1
2747	1
2748	1
2749	0
2750	1
2751	1
2752	0
2753	0
2754	0
2755	1
2756	0
2757	0
2758	0
2759	1
2760	0
2761	1
2762	1
2763	0
2764	1
2765	0
2766	0
2767	0
2768	0
2769	0
2770	1
2771	1
2772	0
2773	0
2774	0
2775	0
2776	1
2777	0
2778	0
2779	1
2780	1
2781	1
2782	1
2783	1
2784	1
2785	1
2786	1
2787	1
2788	1
2789	0
2790	0
2791	0
2792	1
2793	0
2794	1
2795	0
2796	1
2797	1
2798	1
2799	1
2800	1
2801	0
2802	0
2803	1
2804	1
2805	1
2806	1
2807	0
2808	0
2809	0
2810	0
2811	0
2812	0
2813	1
2814	1
2815	1
2816	1
2817	0
2818	1
2819	0
2820	1
2821	1
2822	1
2823	1
2824	1
2825	1
2826	0
2827	0
2828	1
2829	1
2830	0
2831	1
2832	0
2833	0
2834	1
2835	0
2836	0
2837	1
2838	1
2839	1
2840	0
2841	0
2842	0
2843	0
2844	0
2845	0
2846	1
2847	1
2848	1
2849	0
2850	0
2851	0
2852	1
2853	0
2854	0
2855	0
2856	1
2857	1
2858	0
2859	1
2860	1
2861	1
2862	0
2863	1
2864	0
2865	0
2866	1
2867	0
2868	0
2869	0
2870	1
2871	0
2872	0
2873	1
2874	1
2875	1
2876	1
2877	1
2878	0
2879	1
2880	0
2881	0
2882	1
2883	0
2884	0
2885	0
2886	1
2887	1
2888	1
2889	0
2890	0
2891	1
2892	0
2893	0
2894	0
2895	1
2896	1
2897	1
2898	0
2899	1
2900	0
2901	0
2902	0
2903	0
2904	1
2905	1
2906	0
2907	1
2908	0
2909	1
2910	1
2911	1
2912	0
2913	0
2914	1
2915	0
2916	0
2917	0
2918	1
2919	1
2920	1
2921	0
2922	1
2923	1
2924	1
2925	0
2926	1
2927	1
2928	1
2929	1
2930	1
2931	1
2932	1
2933	1
2934	1
2935	1
2936	1
2937	1
2938	0
2939	1
2940	1
2941	1
2942	0
2943	1
2944	1
2945	0
2946	1
2947	1
2948	1
2949	1
2950	0
2951	0
2952	0
2953	1
2954	0
2955	0
2956	0
2957	1
2958	1
2959	0
2960	0
2961	0
2962	0
2963	0
2964	0
2965	1
2966	1
2967	1
2968	1
2969	1
2970	1
2971	0
2972	1
2973	1
2974	1
2975	0
2976	0
2977	1
2978	1
2979	0
2980	1
2981	1
2982	0
2983	1
2984	1
2985	0
2986	0
2987	1
2988	0
2989	1
2990	1
2991	1
2992	0
2993	1
2994	1
2995	0
2996	1
2997	0
2998	0
2999	0
3000	1
3001	0
3002	1
3003	0
3004	1
3005	1
3006	0
3007	0
3008	0
3009	1
3010	0
3011	1
3012	1
3013	0
3014	0
3015	1
3016	0
3017	0
3018	0
3019	0
3020	0
3021	0
3022	1
3023	1
3024	0
3025	1
3026	0
3027	0
3028	1
3029	1
3030	1
3031	1
3032	1
3033	1
3034	1
3035	0
3036	1
3037	1
3038	1
3039	0
3040	1
3041	1
3042	0
3043	0
3044	0
3045	0
3046	0
3047	1
3048	1
3049	1
3050	1
3051	1
3052	0
3053	0
3054	1
3055	1
3056	0
3057	0
3058	1
3059	1
3060	0
3061	1
3062	1
3063	0
3064	0
3065	0
3066	1
3067	0
3068	0
3069	1
3070	1
3071	1
3072	1
3073	1
3074	1
3075	1
3076	1
3077	1
3078	0
3079	1
3080	1
3081	0
3082	1
3083	0
3084	1
3085	1
3086	1
3087	1
3088	1
3089	1
3090	1
3091	1
3092	1
3093	0
3094	0
3095	1
3096	1
3097	1
3098	1
3099	0
3100	1
3101	0
3102	0
3103	1
3104	0
3105	1
3106	0
3107	0
3108	0
3109	1
3110	1
3111	1
3112	1
3113	0
3114	1
3115	0
3116	0
3117	0
3118	1
3119	1
3120	0
3121	1
3122	1
3123	0
3124	0
3125	0
3126	1
3127	0
3128	0
3129	1
3130	0
3131	1
3132	1
3133	1
3134	1
3135	1
3136	1
3137	1
3138	1
3139	1
3140	1
3141	0
3142	1
3143	1
3144	1
3145	0
3146	0
3147	0
3148	1
3149	1
3150	0
3151	1
3152	0
3153	1
3154	1
3155	1
3156	1
3157	1
3158	0
3159	1
3160	0
3161	0
3162	0
3163	0
3164	1
3165	0
3166	1
3167	0
3168	0
3169	0
3170	1
3171	1
3172	1
3173	0
3174	0
3175	1
3176	0
3177	0
3178	0
3179	0
3180	0
3181	0
3182	1
3183	0
3184	0
3185	1
3186	0
3187	1
3188	1
3189	1
3190	1
3191	1
3192	1
3193	1
3194	1
3195	1
3196	1
3197	0
3198	1
3199	1
3200	0
3201	0
3202	1
3203	0
3204	0
3205	1
3206	0
3207	1
3208	1
3209	1
3210	0
3211	1
3212	0
3213	1
3214	1
3215	1
3216	1
3217	1
3218	0
3219	0
3220	1
3221	0
3222	1
3223	1
3224	1
3225	1
3226	1
3227	1
3228	1
3229	1
3230	1
3231	1
3232	1
3233	1
3234	1
3235	0
3236	1
3237	1
3238	0
3239	0
3240	0
3241	1
3242	0
3243	1
3244	1
3245	1
3246	1
3247	1
3248	1
3249	0
3250	0
3251	1
3252	0
3253	1
3254	1
3255	1
3256	0
3257	0
3258	1
3259	1
3260	1
3261	1
3262	0
3263	0
3264	1
3265	0
3266	0
3267	0
3268	0
3269	1
3270	1
3271	1
3272	0
3273	0
3274	0
3275	0
3276	0
3277	1
3278	1
3279	1
3280	1
3281	1
3282	0
3283	1
3284	1
3285	0
3286	1
3287	1
3288	0
3289	1
3290	0
3291	0
3292	1
3293	1
3294	0
3295	1
3296	1
3297	1
3298	0
3299	1
3300	0
3301	0
3302	0
3303	1
3304	0
3305	1
3306	1
3307	1
3308	1
3309	1
3310	1
3311	1
3312	1
3313	0
3314	1
3315	1
3316	0
3317	0
3318	0
3319	1
3320	0
3321	1
3322	0
3323	0
3324	1
3325	1
3326	0
3327	0
3328	0
3329	1
3330	1
3331	0
3332	0
3333	0
3334	1
3335	1
3336	1
3337	1
3338	1
3339	0
3340	1
3341	1
3342	0
3343	0
3344	1
3345	1
3346	1
3347	1
3348	1
3349	1
3350	1
3351	1
3352	0
3353	1
3354	1
3355	0
3356	1
3357	1
3358	1
3359	1
3360	1
3361	0
3362	0
3363	1
3364	1
3365	1
3367	1
3368	1
3369	1
3370	0
3371	1
3372	0
3373	1
3374	1
3375	1
3376	1
3377	1
3378	0
3379	1
3380	1
3381	0
3382	1
3383	1
3384	0
3385	0
3386	0
3387	1
3388	1
3389	0
3390	1
3391	1
3392	1
3393	1
3394	1
3395	1
3396	1
3397	1
3398	1
3399	1
3400	1
3401	1
3402	1
3403	1
3404	1
3405	1
3406	1
3407	1
3408	0
3409	0
3410	0
3411	0
3412	1
3413	1
3414	1
3415	1
3417	1
3418	0
3419	0
3420	0
3421	0
3422	0
3423	0
3424	0
3425	0
3426	0
3427	0
3428	1
3429	1
3430	0
3431	0
3432	0
3433	0
3434	0
3435	1
3436	0
3437	1
3438	1
3439	1
3440	1
3441	1
3442	0
3443	0
3444	0
3445	0
3446	0
3447	1
3448	0
3449	0
3450	1
3451	1
3452	0
3453	1
3454	1
3455	0
3456	1
3457	0
3458	0
3459	0
3460	1
3461	1
3462	1
3463	1
3465	1
3466	1
3467	1
3468	1
3469	1
3470	1
3471	1
3472	1
3473	1
3474	0
3475	1
3476	0
3477	1
3478	1
3479	1
3480	1
3481	0
3482	1
3483	1
3484	1
3485	0
3486	1
3487	1
3488	1
3489	1
3490	0
3491	0
3492	1
3493	0
3494	1
3495	0
3496	1
3497	1
3498	0
3499	0
3500	0
3501	1
3502	1
3503	1
3504	0
3505	0
3506	0
3507	1
3508	1
3509	0
3510	1
3511	1
3512	1
3513	0
3514	0
3515	0
3516	1
3517	1
3518	0
3519	1
3520	1
3521	0
3522	1
3523	0
3524	1
3525	0
3526	1
3527	0
3528	0
3529	0
3530	1
3531	1
3533	1
3534	1
3535	0
3536	1
3537	1
3538	0
3539	0
3540	1
3541	0
3542	1
3543	0
3544	0
3545	1
3546	1
3547	1
3548	1
3549	1
3550	0
3551	0
3552	0
3553	0
3554	1
3555	1
3556	0
3557	0
3558	1
3559	1
3560	1
3561	1
3562	0
3563	0
3564	1
3565	1
3566	0
3567	0
3568	0
3569	0
3570	0
3571	0
3572	0
3573	0
3574	0
3575	1
3576	0
3577	0
3578	0
3579	1
3580	1
3581	0
3582	0
3583	1
3584	0
3585	1
3586	1
3587	0
3588	0
3589	1
3590	1
3591	1
3592	1
3593	1
3594	1
3595	1
3596	1
3597	0
3598	0
3599	1
3600	1
3601	1
3602	1
3603	0
3604	1
3605	1
3606	1
3607	1
3608	1
3609	1
3610	1
3611	1
3612	1
3613	1
3614	1
3615	1
3616	1
3617	1
3618	1
3619	0
3620	0
3621	0
3622	1
3623	1
3624	1
3625	1
3626	0
3627	1
3628	1
3629	1
3630	1
3631	1
3632	1
3633	1
3634	1
3635	1
3636	1
3637	1
3638	1
3639	1
3640	1
3641	1
3642	1
3643	1
3644	1
3645	1
3646	1
3647	1
3648	1
3649	0
3650	0
3651	0
3652	1
3653	1
3654	1
3655	0
3656	1
3657	1
3658	1
3659	0
3660	0
3661	0
3662	0
3663	0
3664	0
3665	1
3666	1
3667	0
3668	1
3669	1
3670	1
3671	0
3672	1
3673	1
3674	1
3675	1
3676	0
3677	1
3678	1
3679	1
3680	1
3681	0
3682	0
3683	0
3684	1
3685	0
3686	0
3687	1
3688	0
3689	0
3690	0
3691	0
3692	0
3693	1
3694	0
3695	0
3696	0
3697	0
3698	0
3699	1
3700	0
3701	0
3702	0
3703	0
3704	1
3705	1
3706	0
3707	0
3708	0
3709	0
3710	0
3711	1
3712	1
3713	1
3714	1
3715	0
3716	0
3717	1
3718	0
3719	1
3720	0
3721	0
3722	0
3723	1
3724	0
3725	0
3726	0
3727	0
3728	0
3729	0
3730	0
3731	0
3732	1
3733	1
3734	0
3735	0
3736	1
3737	1
3738	1
3739	1
3740	1
3741	1
3742	1
3743	1
3744	0
3745	1
3746	0
3747	0
3748	1
3749	1
3750	0
3751	1
3752	0
3753	0
3754	1
3755	1
3756	0
3757	1
3758	0
3759	1
3760	0
3761	0
3762	1
3763	0
3764	1
3765	0
3766	0
3767	0
3768	0
3769	0
3770	1
3771	1
3772	1
3773	0
3774	0
3775	1
3776	1
3777	1
3778	1
3779	1
3780	1
3781	0
3782	0
3783	1
3784	1
3785	0
3786	0
3787	1
3788	1
3789	1
3790	0
3791	1
3792	1
3793	1
3794	0
3795	0
3796	0
3797	1
3798	1
3799	1
3800	1
3801	1
3802	0
3803	1
3804	0
3805	0
3806	1
3807	1
3808	1
3809	1
3810	0
3811	1
3812	0
3813	1
3814	1
3816	1
3817	1
3818	1
3819	1
3820	1
3821	1
3822	0
3823	0
3824	1
3825	1
3826	0
3827	1
3828	1
3829	1
3830	1
3831	0
3832	1
3833	1
3834	1
3835	0
3836	1
3837	0
3838	0
3839	0
3840	0
3841	0
3843	0
3844	1
3845	1
3846	0
3847	0
3848	0
3849	1
3850	1
3851	1
3852	0
3853	0
3854	1
3855	0
3856	1
3857	0
3858	0
3859	1
3860	0
3861	1
3862	0
3863	0
3864	1
3865	0
3866	0
3867	0
3868	1
3869	1
3870	1
3871	1
3872	1
3873	1
3874	0
3875	1
3876	0
3877	1
3878	1
3879	0
3880	1
3881	1
3882	1
3883	1
3884	1
3885	0
3886	0
3887	0
3888	0
3889	0
3890	0
3891	0
3892	0
3893	1
3894	0
3895	0
3896	0
3897	0
3898	0
3899	0
3900	0
3901	0
3902	0
3903	0
3904	0
3905	0
3906	0
3907	1
3908	0
3909	0
3910	1
3911	1
3912	1
3913	1
3914	0
3915	0
3916	1
3917	0
3918	1
3919	0
3920	1
3921	1
3922	1
3923	1
3924	1
3925	0
3926	1
3927	1
3928	1
3929	1
3930	1
3931	1
3932	0
3933	1
3934	1
3935	0
3936	1
3937	1
3938	0
3939	0
3940	0
3941	0
3942	1
3943	0
3944	0
3945	1
3946	0
3947	0
3948	1
3949	0
3950	0
3951	0
3952	0
